# Input
alignment_cds	: ../results/datasets/cds/special-suball.fas
alignment_ig	: ../results/datasets/ig/special-suball.fas
template		: ../templates/template.BDSKYSA.BMT.relaxedclock.xml

# Parameters
ReDimension   	 			: 10
becomeUninfectiousRate      : 20
samplingProportionDimension : 10
samplingRateChangeTimes     : 0.0	0.17838661689498347	0.35677323378996695	0.5351598506849504	0.7135464675799339	0.8919330844749174	1.0703197013699008	1.2487063182648843	1.4270929351598678	1.6054795520548513
samplingProportion_alpha    : 2
samplingProportion_beta     : 10
clockRate_mean 				: 1.2E-3
clockRate_sigma				: 0.05
origin_max					: 2013-12-01
origin_init					: 2014-01-01
origin_sigma                : 0.125 			# 1.5 months


# MCMC parameters
statelog		: 20000000
tracelog		: 20000
screenlog		: 20000
treelog			: 20000
chainlength		: 200000000
sampleFromPrior : false

# Output
name	    : EBOV-SUB.BDSKYSA.BMT.relaxedclock.R10.S10
outputpath  : ../results/xml/BDSKYSA.BMT.relaxedclock.R10.S10
