# Input
alignment_cds	: ../results/datasets/cds/special-suball.fas
alignment_ig	: ../results/datasets/ig/special-suball.fas
template		: ../templates/template.BDSKYSA.BMT.relaxedclock.xml

# Parameters
ReDimension   	 			: 20
becomeUninfectiousRate      : 20
samplingProportionDimension : 21
samplingRateChangeTimes		: 0.0 0.0630137 0.1452055 0.2301370 0.3150685 0.3972603 0.4821918 0.5643836 0.6493151 0.7260274 0.8109589 0.8958904 0.9780822 1.0630137 1.1452055 1.2301370 1.3150685 1.3972603 1.4821918 1.5643836 1.6493151
samplingProportion_alpha    : 2
samplingProportion_beta     : 10
clockRate_mean 				: 1.2E-3
clockRate_sigma				: 0.05
origin_max					: 2013-12-01
origin_init					: 2014-01-01
origin_sigma                : 0.125 			# 1.5 months


# MCMC parameters
statelog		: 20000000
tracelog		: 20000
screenlog		: 20000
treelog			: 20000
chainlength		: 200000000
sampleFromPrior : false

# Output
name	    : EBOV-SUB.BDSKYSA.BMT.relaxedclock.R20.SM
outputpath  : ../results/xml/BDSKYSA.BMT.relaxedclock.R20.SM
