# Input
alignment_cds	: ../results/datasets/cds/special-early.fas
alignment_ig	: ../results/datasets/ig/special-early.fas
template		: ../templates/template.BDSKYSA.BMT.relaxedclock.xml

# Parameters
ReDimension   	 			: 10
becomeUninfectiousRate      : 20
samplingProportionDimension : 10
samplingRateChangeTimes     : 0.0	0.04231355753426243	0.08462711506852486	0.1269406726027873	0.1692542301370497	0.21156778767131212	0.2538813452055746	0.296194902739837	0.3385084602740994	0.38082201780836183
samplingProportion_alpha    : 2
samplingProportion_beta     : 10
clockRate_mean 				: 1.2E-3
clockRate_sigma				: 0.05
origin_max					: 2013-12-01
origin_init					: 2014-01-01
origin_sigma                : 0.125 			# 1.5 months


# MCMC parameters
statelog		: 20000000
tracelog		: 20000
screenlog		: 20000
treelog			: 20000
chainlength		: 200000000
sampleFromPrior : false

# Output
name	    : EBOV-EARLY.BDSKYSA.BMT.relaxedclock.R10.S10
outputpath  : ../results/xml/BDSKYSA.BMT.relaxedclock.R10.S10
