# Input
alignment_cds	: ../results/datasets/cds/country-lbr.fas
alignment_ig	: ../results/datasets/ig/country-lbr.fas
template		: ../templates/template.BDSKYSA.BMT.relaxedclock.xml

# Parameters
ReDimension   	 			: 10
becomeUninfectiousRate      : 20
samplingProportionDimension : 10
samplingRateChangeTimes     : 0.0	0.09710807808219343	0.19421615616438687	0.29132423424658027	0.38843231232877373	0.4855403904109672	0.5826484684931605	0.679756546575354	0.7768646246575475	0.8739727027397409
samplingProportion_alpha    : 2
samplingProportion_beta     : 10
clockRate_mean 				: 1.2E-3
clockRate_sigma				: 0.05
origin_max					: 2013-12-01
origin_init					: 2014-01-01
origin_sigma                : 0.125 			# 1.5 months


# MCMC parameters
statelog		: 20000000
tracelog		: 20000
screenlog		: 20000
treelog			: 20000
chainlength		: 200000000
sampleFromPrior : false

# Output
name	    : LBR.BDSKYSA.BMT.relaxedclock.R10.S10
outputpath  : ../results/xml/BDSKYSA.BMT.relaxedclock.R10.S10