# Input
alignment_cds	: ../results/datasets/cds/region-sle-west.fas
alignment_ig	: ../results/datasets/ig/region-sle-west.fas
template		: ../templates/template.BDSKYSA.BMT.relaxedclock.xml

# Parameters
ReDimension   	 			: 10
becomeUninfectiousRate      : 20
samplingProportionDimension : 10
samplingRateChangeTimes     : 0.0	0.1083713961948143	0.2167427923896286	0.3251141885844429	0.4334855847792572	0.5418569809740715	0.6502283771688858	0.7585997733637001	0.8669711695585144	0.9753425657533287
samplingProportion_alpha    : 2
samplingProportion_beta     : 10
clockRate_mean 				: 1.2E-3
clockRate_sigma				: 0.05
origin_max					: 2013-12-01
origin_init					: 2014-01-01
origin_sigma                : 0.125 			# 1.5 months


# MCMC parameters
statelog		: 20000000
tracelog		: 20000
screenlog		: 20000
treelog			: 20000
chainlength		: 200000000
sampleFromPrior : false

# Output
name	    : SLE-W.BDSKYSA.BMT.relaxedclock.R10.S10
outputpath  : ../results/xml/BDSKYSA.BMT.relaxedclock.R10.S10