# Input
alignment_cds	: ../results/datasets/cds/region-sle-southeast.fas
alignment_ig	: ../results/datasets/ig/region-sle-southeast.fas
template		: ../templates/template.BDSKYSA.BMT.relaxedclock.xml

# Parameters
ReDimension   	 			: 10
becomeUninfectiousRate      : 20
samplingProportionDimension : 10
samplingRateChangeTimes     : 0.0	0.08797565799087581	0.17595131598175162	0.26392697397262743	0.35190263196350324	0.43987828995437905	0.5278539479452549	0.6158296059361307	0.7038052639270065	0.7917809219178823
samplingProportion_alpha    : 2
samplingProportion_beta     : 10
clockRate_mean 				: 1.2E-3
clockRate_sigma				: 0.05
origin_max					: 2013-12-01
origin_init					: 2014-01-01
origin_sigma                : 0.125 			# 1.5 months


# MCMC parameters
statelog		: 20000000
tracelog		: 20000
screenlog		: 20000
treelog			: 20000
chainlength		: 200000000
sampleFromPrior : false

# Output
name	    : SLE-SE.BDSKYSA.BMT.relaxedclock.R10.S10
outputpath  : ../results/xml/BDSKYSA.BMT.relaxedclock.R10.S10
